# Created by Octave 4.2.0, Sun Mar 12 22:15:09 2017 GMT <unknown@unknown>
# name: a
# type: matrix
# rows: 1
# columns: 100
 0.8414709848078965 1.818594853651363 0.4233600241796016 -3.027209981231713 -4.794621373315692 -1.676492989193555 4.598906191031523 7.914865972987054 3.709066367175809 -5.440211108893697 -10.99989227205774 -6.43887501600522 5.462171478746332 13.86850297972818 9.754317602356753 -4.606453066641045 -16.34375736195247 -13.51777044189017 2.847666983596095 18.25890501455255 17.56976840925718 -0.1947288043888853 -19.46306929602892 -21.73388068815897 -3.308793752444326 19.82651971246967 25.82215006692158 7.585362072620333 -19.24538264217606 -29.64094872278585 -12.52516700501502 17.6456537997341 32.99709138353982 17.98881132808081 -14.98639343236529 -35.70403872395217 -23.81091093420898 11.26200599095664 37.58802006507943 29.80452641917395 -6.503529420993068 -38.49390501245662 -35.76631393302973 0.7788847046381974 38.29065860403533 41.48226399184522 5.807936769025528 -36.87622374353601 -46.73387998521412 -13.11874268519644 34.18168796801211 51.30463478610524 20.98403295963721 -30.17460863798728 -54.98653453472409 -29.20685611686707 24.86139104912602 57.58661358890316 37.56754242120913 -18.288637266133 -58.93318397051197 -45.82920319225182 10.54340911907684 58.8816664445946 53.74386416685672 -1.752376165581808 -57.3198385913466 -61.05908228687181 -7.920152151039918 54.17234770905224 67.5248803810606 18.27528211886661 -49.40435285277346 -72.90082327465031 -29.08362265570728 43.02418040426171 76.96305221071631 40.09031956702775 -35.08490082789316 -79.51109231387002 -51.02092753623077 25.68476015951298 80.37425027131539 61.58798688615654 -14.9664276956299 -79.41742644234914 -71.49815178688156 3.11505064056214 76.54617711730835 80.45969972405021 9.644863569355273 -71.71087840465403 -88.1902391381051 -23.05368663395951 64.9098628999315 94.42442356169711 36.82195068566961 -56.19142345506145 -98.92147658444901 -50.63656411097588


